     0/299     11.3G   0.08486   0.01042         0   0.09529        17       800  0.001468    0.3333 0.0004989    0.0001   0.07697  0.008201         0
     1/299     11.9G   0.08108  0.009094         0   0.09017        21       800  0.001823    0.4139 0.0009057 0.0001777   0.07491  0.007978         0
     2/299     11.9G   0.07551  0.009349         0   0.08486        21       800   0.05736   0.02938  0.007156  0.001863   0.06658   0.01002         0
     3/299     11.9G   0.06046  0.008147         0   0.06861        14       800    0.8646     0.537    0.5869    0.3299   0.05307  0.005563         0
     4/299     11.9G   0.05406  0.006411         0   0.06047        20       800    0.8706    0.6296    0.6978    0.4808   0.04672  0.004473         0
     5/299     11.9G   0.04988  0.005743         0   0.05563        19       800    0.8574    0.6358    0.7032    0.5051   0.04492  0.004161         0
     6/299     11.9G    0.0472  0.005278         0   0.05248        15       800    0.8459    0.6696    0.7221    0.5204   0.04145  0.004013         0
     7/299     11.9G   0.04469  0.004931         0   0.04962        23       800    0.8999    0.6391    0.7279    0.5383   0.04375   0.00368         0
     8/299     11.9G   0.04342  0.004795         0   0.04821        18       800    0.8398    0.6646    0.7318    0.5396   0.04182  0.003691         0
     9/299     11.9G   0.04221  0.004647         0   0.04685        30       800    0.8321    0.6679    0.7339    0.5665   0.04115  0.003604         0
    10/299     11.9G   0.04132  0.004551         0   0.04588        24       800      0.85    0.6844    0.7437    0.5645   0.03962  0.003595         0
    11/299     11.9G   0.04089  0.004359         0   0.04525        22       800    0.8447    0.6996    0.7556    0.5775   0.03975  0.003421         0
    12/299     11.9G   0.04013  0.004345         0   0.04447        40       800    0.8539    0.7031    0.7638     0.573   0.03761  0.003279         0
    13/299     11.9G   0.03943  0.004244         0   0.04367        20       800     0.859    0.6831    0.7614    0.5564   0.04005  0.003321         0
    14/299     11.9G    0.0389  0.004254         0   0.04316        24       800    0.8752    0.7062    0.7716    0.5814   0.03776  0.003241         0
    15/299     11.9G   0.03943   0.00417         0    0.0436        32       800    0.8597    0.7137    0.7778    0.5839   0.03717  0.003175         0
    16/299     11.9G   0.03835  0.004137         0   0.04248        17       800    0.8452    0.7209    0.7818    0.5931   0.03671  0.003178         0
    17/299     11.9G   0.03813  0.004094         0   0.04222        19       800    0.8643    0.7276    0.7896    0.6121    0.0353  0.003107         0
    18/299     11.9G   0.03773   0.00407         0    0.0418        14       800    0.8656    0.7297    0.7879    0.6004   0.03447   0.00306         0
    19/299     11.9G   0.03751  0.004072         0   0.04159        13       800    0.8437    0.7334    0.7921    0.6118   0.03533  0.002995         0
    20/299     11.9G   0.03706  0.004025         0   0.04109        22       800    0.8614    0.7137    0.7959    0.6056   0.03526  0.002916         0
    21/299     11.9G   0.03719  0.004005         0   0.04119        24       800    0.8633     0.712    0.7874    0.5986    0.0369  0.002857         0
    22/299     11.9G   0.03723  0.003981         0   0.04121        16       800    0.8517    0.7332    0.7985    0.6141   0.03423  0.002956         0
    23/299     11.9G   0.03693  0.003917         0   0.04085        12       800    0.8617    0.7197    0.8009    0.6065   0.03571  0.002862         0
    24/299     11.9G   0.03622  0.003893         0   0.04011        19       800    0.8763    0.7392    0.8127    0.6064   0.03461  0.002881         0
    25/299     11.9G   0.03635  0.003863         0   0.04021        20       800    0.8576    0.7323    0.7964     0.602   0.03477    0.0029         0
    26/299     11.9G   0.03645  0.003802         0   0.04025        24       800    0.8753    0.7323     0.808    0.6137   0.03458  0.002822         0
    27/299     11.9G   0.03609   0.00386         0   0.03995        15       800    0.8765    0.7353    0.8149    0.6241   0.03344  0.002794         0
    28/299     11.9G   0.03618  0.003785         0   0.03996        35       800    0.8701    0.7191    0.7906    0.6001    0.0354  0.002788         0
    29/299     11.9G   0.03604  0.003756         0    0.0398        15       800    0.8812    0.7297    0.7997    0.6042   0.03548   0.00284         0
    30/299     11.9G   0.03642  0.003775         0   0.04019        12       800    0.8681    0.7381    0.8082    0.6137   0.03422  0.002792         0
    31/299     11.9G   0.03582   0.00377         0   0.03959        15       800    0.8763    0.7479    0.8187    0.6162   0.03358  0.002788         0
    32/299     11.9G   0.03566  0.003714         0   0.03937        30       800     0.884    0.7398    0.8126    0.6201   0.03442  0.002738         0
    33/299     11.9G   0.03522  0.003687         0   0.03891        23       800    0.8711     0.746    0.8215    0.6194    0.0336  0.002772         0
    34/299     11.9G   0.03549  0.003665         0   0.03916        22       800    0.8755     0.739    0.8108    0.6279   0.03357  0.002664         0
    35/299     11.9G   0.03535  0.003659         0   0.03901        35       800    0.8711    0.7386    0.8054    0.6194    0.0344  0.002705         0
    36/299     11.9G     0.035  0.003602         0   0.03861        32       800    0.8744     0.739    0.8142     0.628   0.03317  0.002679         0
    37/299     11.9G   0.03513  0.003642         0   0.03877        20       800    0.8574    0.7436    0.8106    0.6224   0.03407  0.002616         0
    38/299     11.9G    0.0352  0.003649         0   0.03885        29       800      0.87    0.7452     0.811    0.6163   0.03411  0.002712         0
    39/299     11.9G   0.03521  0.003517         0   0.03873        22       800    0.8726    0.7468    0.8109    0.6364   0.03346  0.002643         0
    40/299     11.9G   0.03514  0.003676         0   0.03882        14       800    0.8668    0.7499    0.8163    0.6247   0.03297  0.002617         0
    41/299     11.9G   0.03508  0.003546         0   0.03862        24       800    0.8555    0.7566    0.8227    0.6332   0.03333  0.002559         0
    42/299     11.9G   0.03486  0.003592         0   0.03845        27       800    0.8816    0.7386    0.8209     0.636   0.03318  0.002557         0
    43/299     11.9G    0.0348  0.003577         0   0.03838        13       800    0.8731    0.7511    0.8244    0.6227   0.03341  0.002601         0
    44/299     11.9G   0.03438  0.003541         0   0.03792        16       800    0.8669    0.7526    0.8234    0.6312   0.03337  0.002525         0
    45/299     11.9G   0.03442   0.00351         0   0.03793        27       800    0.8923    0.7381    0.8257    0.6295   0.03263  0.002558         0
    46/299     11.9G   0.03445  0.003476         0   0.03792        22       800    0.8888     0.737    0.8255    0.6325    0.0325  0.002554         0
    47/299     11.9G   0.03421  0.003482         0    0.0377        14       800     0.884    0.7436      0.83    0.6291   0.03283  0.002548         0
    48/299     11.9G   0.03429  0.003433         0   0.03772        19       800     0.872    0.7468    0.8241    0.6327   0.03261  0.002514         0
    49/299     11.9G   0.03458  0.003468         0   0.03805        24       800    0.8719     0.746    0.8287    0.6429   0.03255  0.002489         0
    50/299     11.9G   0.03414  0.003459         0    0.0376        21       800    0.8683    0.7537    0.8323    0.6301   0.03262  0.002521         0
    51/299     11.9G   0.03424  0.003435         0   0.03767        22       800    0.8851    0.7444    0.8275    0.6339   0.03251  0.002477         0
    52/299     11.9G   0.03376  0.003333         0   0.03709        19       800    0.8976    0.7374    0.8312    0.6426   0.03194  0.002458         0
    53/299     11.9G   0.03419  0.003446         0   0.03764        22       800    0.8707    0.7475    0.8304    0.6427   0.03193  0.002456         0
    54/299     11.9G   0.03426  0.003352         0   0.03761        31       800    0.8755    0.7492    0.8293    0.6412   0.03173  0.002457         0
    55/299     11.9G   0.03417  0.003397         0   0.03756        23       800     0.878     0.746    0.8329    0.6405    0.0317  0.002443         0
    56/299     11.9G    0.0336   0.00337         0   0.03697        22       800    0.8635    0.7636    0.8349    0.6452   0.03171  0.002435         0
    57/299     11.9G   0.03375  0.003353         0    0.0371        30       800    0.8572    0.7591     0.834    0.6441   0.03167   0.00242         0
    58/299     11.9G   0.03333  0.003375         0   0.03671        15       800    0.8675    0.7616    0.8335     0.647   0.03162  0.002391         0
    59/299     11.9G    0.0335  0.003386         0   0.03689        30       800    0.8792    0.7498    0.8337    0.6426   0.03168  0.002411         0
    60/299     11.9G   0.03351  0.003328         0   0.03684        15       800    0.8642    0.7647    0.8371    0.6492   0.03157  0.002408         0
    61/299     11.9G   0.03379   0.00341         0    0.0372        23       800    0.8586    0.7607     0.833    0.6347   0.03178  0.002421         0
    62/299     11.9G   0.03331  0.003332         0   0.03664        24       800    0.8887    0.7479    0.8356    0.6398   0.03173  0.002407         0
    63/299     11.9G   0.03326   0.00322         0   0.03648        19       800    0.8886    0.7481    0.8389    0.6465   0.03177  0.002383         0
    64/299     11.9G   0.03366  0.003314         0   0.03697        19       800    0.8686    0.7643    0.8374    0.6464   0.03156  0.002392         0
    65/299     11.9G   0.03308  0.003268         0   0.03635        21       800    0.8841     0.745    0.8362    0.6464   0.03129  0.002377         0
    66/299     11.9G   0.03334  0.003281         0   0.03662        17       800    0.8847    0.7473    0.8372    0.6389   0.03167   0.00239         0
    67/299     11.9G   0.03316   0.00322         0   0.03638        25       800     0.877     0.755    0.8369    0.6476   0.03136  0.002371         0
    68/299     11.9G    0.0334  0.003357         0   0.03676        23       800    0.8702    0.7613    0.8384    0.6443   0.03167  0.002366         0
    69/299     11.9G   0.03337  0.003288         0   0.03666        18       800    0.8718    0.7622    0.8404    0.6435   0.03175  0.002352         0
    70/299     11.9G   0.03309  0.003298         0   0.03639        22       800    0.8861    0.7475    0.8394     0.642   0.03184  0.002346         0
    71/299     11.9G    0.0328  0.003193         0   0.03599        18       800    0.8923    0.7477    0.8381    0.6426   0.03154  0.002351         0
    72/299     11.9G   0.03317  0.003203         0   0.03638        13       800    0.8779    0.7605    0.8413    0.6483   0.03123   0.00231         0
    73/299     11.9G   0.03297  0.003238         0    0.0362        12       800    0.8704    0.7649     0.842    0.6484   0.03138  0.002329         0
    74/299     11.9G   0.03301  0.003181         0   0.03619        19       800    0.8963    0.7441    0.8431    0.6462   0.03157  0.002339         0
    75/299     11.9G   0.03291  0.003302         0   0.03621        26       800    0.8865    0.7491    0.8411    0.6482   0.03146  0.002318         0
    76/299     11.9G   0.03298  0.003247         0   0.03623        24       800    0.8881     0.749     0.841    0.6511   0.03145  0.002312         0
    77/299     11.9G   0.03294  0.003211         0   0.03615        12       800     0.894    0.7456    0.8413    0.6468   0.03155  0.002317         0
    78/299     11.9G   0.03278   0.00322         0     0.036        22       800    0.8866    0.7483    0.8397    0.6483   0.03151  0.002319         0
    79/299     11.9G   0.03279  0.003272         0   0.03606        25       800    0.8851    0.7509    0.8403    0.6485   0.03137  0.002333         0
    80/299     11.9G   0.03261  0.003188         0    0.0358        22       800    0.8751    0.7587    0.8424    0.6496   0.03123  0.002313         0
    81/299     11.9G   0.03265  0.003252         0   0.03591        19       800    0.8748    0.7547    0.8437    0.6522   0.03115  0.002314         0
    82/299     11.9G   0.03274   0.00324         0   0.03598        21       800    0.8813    0.7505    0.8428    0.6483   0.03137  0.002315         0
    83/299     11.9G   0.03267  0.003211         0   0.03588        18       800    0.9061    0.7386    0.8454     0.651   0.03124  0.002303         0
    84/299     11.9G   0.03274  0.003249         0   0.03599        21       800    0.8865    0.7483    0.8462    0.6509   0.03128  0.002294         0
    85/299     11.9G   0.03223  0.003131         0   0.03536        21       800    0.8817     0.757    0.8471    0.6544   0.03105  0.002286         0
    86/299     11.9G   0.03244  0.003278         0   0.03572        27       800     0.908    0.7363    0.8455     0.653   0.03097  0.002303         0
    87/299     11.9G   0.03228   0.00322         0    0.0355        21       800    0.8915     0.747     0.845    0.6535   0.03096  0.002291         0
    88/299     11.9G   0.03235  0.003247         0    0.0356        30       800    0.8888    0.7508    0.8448    0.6531   0.03097  0.002291         0
    89/299     11.9G   0.03206  0.003078         0   0.03513        23       800    0.8833    0.7549    0.8446    0.6516   0.03104  0.002295         0
    90/299     11.9G   0.03252  0.003198         0   0.03572        20       800    0.9008    0.7439    0.8446    0.6516   0.03106  0.002291         0
    91/299     11.9G    0.0328  0.003185         0   0.03599        25       800    0.8951    0.7504    0.8446    0.6514   0.03103  0.002287         0
    92/299     11.9G   0.03186   0.00315         0   0.03501        18       800     0.895    0.7481    0.8445    0.6535   0.03094  0.002286         0
    93/299     11.9G   0.03232  0.003192         0   0.03551        28       800    0.8864    0.7539    0.8444    0.6558   0.03086  0.002276         0
    94/299     11.9G   0.03216  0.003145         0   0.03531        17       800    0.8821    0.7548    0.8447    0.6575   0.03072  0.002277         0
    95/299     11.9G   0.03182  0.003138         0   0.03496        14       800    0.8845    0.7528    0.8456    0.6584   0.03056  0.002272         0
    96/299     11.9G   0.03235   0.00319         0   0.03554        19       800      0.89    0.7483    0.8456    0.6585   0.03055  0.002273         0
    97/299     11.9G   0.03201  0.003172         0   0.03519        31       800    0.8939    0.7481    0.8475    0.6588   0.03058  0.002261         0
    98/299     11.9G   0.03195  0.003153         0    0.0351        20       800     0.894    0.7485    0.8476     0.658    0.0305  0.002255         0
    99/299     11.9G   0.03174  0.003111         0   0.03485        33       800    0.8867    0.7539    0.8488    0.6572   0.03054  0.002248         0
   100/299     11.9G    0.0315  0.003051         0   0.03455        20       800    0.8888    0.7533    0.8489    0.6561   0.03057   0.00225         0
   101/299     11.9G   0.03173  0.003111         0   0.03485        23       800    0.8954      0.75    0.8488    0.6569   0.03053  0.002246         0
   102/299     11.9G   0.03156  0.003081         0   0.03464        21       800    0.8901    0.7541    0.8486    0.6574   0.03047  0.002241         0
   103/299     11.9G   0.03163  0.003048         0   0.03468        16       800    0.8926    0.7537    0.8494    0.6582   0.03043  0.002242         0
   104/299     11.9G   0.03163  0.003084         0   0.03472        20       800    0.8987    0.7498    0.8497    0.6581   0.03046  0.002246         0
   105/299     11.9G   0.03146  0.003038         0    0.0345        19       800    0.8968    0.7506    0.8499    0.6574   0.03053  0.002247         0
   106/299     11.9G   0.03141  0.003134         0   0.03455        22       800    0.8899    0.7564    0.8503    0.6578   0.03053  0.002241         0
   107/299     11.9G   0.03156  0.003076         0   0.03464        22       800    0.8899    0.7551    0.8501    0.6573   0.03055  0.002239         0
   108/299     11.9G   0.03142  0.003114         0   0.03454        20       800    0.8925    0.7541    0.8506    0.6575   0.03054  0.002235         0
   109/299     11.9G   0.03167  0.003108         0   0.03478        13       800    0.8889    0.7551    0.8506    0.6582   0.03055  0.002236         0
   110/299     11.9G   0.03173  0.003178         0   0.03491        22       800     0.887    0.7555    0.8504    0.6579   0.03054  0.002234         0
   111/299     11.9G   0.03148  0.003108         0   0.03459        27       800    0.8893    0.7551    0.8502     0.658   0.03056  0.002233         0
   112/299     11.9G   0.03152  0.003079         0    0.0346        17       800    0.8877    0.7547    0.8503    0.6585   0.03055  0.002233         0
   113/299     11.9G   0.03132  0.003042         0   0.03437        22       800    0.8933    0.7512    0.8509     0.659   0.03054  0.002231         0
   114/299     11.9G     0.031  0.003004         0     0.034        21       800    0.8856     0.757    0.8504    0.6581   0.03056  0.002231         0
   115/299     11.9G    0.0311  0.002986         0   0.03409        23       800    0.8853    0.7576     0.851    0.6584   0.03056  0.002228         0
   116/299     11.9G   0.03103  0.003064         0   0.03409        19       800    0.8934    0.7524    0.8505    0.6581   0.03056  0.002227         0
   117/299     11.9G   0.03138  0.003113         0   0.03449        26       800    0.8971    0.7504    0.8513    0.6574    0.0306  0.002227         0
   118/299     11.9G   0.03095  0.003016         0   0.03396        23       800    0.8968    0.7497    0.8514    0.6576   0.03058  0.002224         0
   119/299     11.9G   0.03118  0.003174         0   0.03435        32       800     0.888    0.7557    0.8515     0.658   0.03056  0.002221         0
   120/299     11.9G   0.03069  0.003041         0   0.03373        25       800    0.8978    0.7493    0.8517    0.6578   0.03056  0.002221         0
   121/299     11.9G    0.0309  0.003012         0   0.03391        21       800    0.8962    0.7506    0.8518    0.6585   0.03053  0.002221         0
   122/299     11.9G   0.03089  0.002993         0   0.03388        18       800    0.8971    0.7497    0.8514    0.6595   0.03052   0.00222         0
   123/299     11.9G   0.03083  0.003029         0   0.03386        19       800    0.8912     0.755     0.852    0.6592   0.03054  0.002218         0
   124/299     11.9G   0.03075  0.003032         0   0.03379        15       800    0.8957    0.7518    0.8511    0.6591   0.03055  0.002217         0
   125/299     11.9G   0.03123  0.003072         0    0.0343        28       800    0.8946    0.7522    0.8512    0.6591   0.03055  0.002214         0
   126/299     11.9G   0.03092   0.00309         0   0.03401        15       800    0.8962    0.7516     0.852    0.6591   0.03055  0.002213         0
   127/299     11.9G   0.03046  0.002954         0   0.03342        18       800    0.8921    0.7545    0.8522    0.6594   0.03053  0.002211         0
   128/299     11.9G    0.0307  0.003021         0   0.03372        11       800    0.8938    0.7535    0.8528    0.6597   0.03053  0.002211         0
   129/299     11.9G   0.03075  0.003026         0   0.03378        20       800    0.8932    0.7529    0.8526    0.6602   0.03049   0.00221         0
   130/299     11.9G   0.03058  0.003026         0   0.03361        20       800    0.8916    0.7537    0.8521    0.6602   0.03047   0.00221         0
   131/299     11.9G   0.03034  0.002988         0   0.03333        34       800    0.8935    0.7526    0.8525    0.6612   0.03044  0.002207         0
   132/299     11.9G    0.0307  0.002925         0   0.03362        26       800    0.8956     0.751    0.8524     0.661   0.03043  0.002207         0
   133/299     11.9G   0.03056  0.002972         0   0.03353        18       800    0.8948     0.752    0.8528    0.6612   0.03041  0.002204         0
   134/299     11.9G    0.0308  0.003039         0   0.03384        18       800    0.8955     0.751    0.8528    0.6612   0.03042  0.002202         0
   135/299     11.9G   0.03034  0.002994         0   0.03334        22       800    0.8967    0.7504    0.8528    0.6616   0.03041  0.002199         0
   136/299     11.9G   0.03018  0.003067         0   0.03325        30       800    0.8946    0.7526    0.8534    0.6617   0.03038  0.002197         0
   137/299     11.9G   0.03036  0.003016         0   0.03337        21       800    0.8946    0.7533    0.8535    0.6618   0.03037  0.002195         0
   138/299     11.9G   0.03032  0.003023         0   0.03335        21       800    0.8933    0.7545    0.8537    0.6616   0.03037  0.002193         0
   139/299     11.9G      0.03  0.002913         0   0.03292        29       800    0.8975    0.7524    0.8543    0.6621   0.03036  0.002192         0
   140/299     11.9G   0.02985   0.00297         0   0.03282        22       800     0.894    0.7549    0.8543    0.6622   0.03036   0.00219         0
   141/299     11.9G   0.03032  0.002963         0   0.03329        21       800    0.8936     0.755    0.8543    0.6622   0.03035   0.00219         0
   142/299     11.9G   0.03006  0.002869         0   0.03293        27       800    0.8969    0.7532    0.8544    0.6623   0.03033  0.002188         0
   143/299     11.9G   0.03004  0.003018         0   0.03306        26       800    0.8934    0.7547    0.8547    0.6627   0.03031  0.002186         0
   144/299     11.9G   0.02978  0.002901         0   0.03268        17       800    0.8788    0.7655    0.8547     0.663    0.0303  0.002186         0
   145/299     11.9G   0.02947  0.002893         0   0.03236        22       800     0.893    0.7553     0.855     0.663   0.03029  0.002186         0
   146/299     11.9G   0.02996  0.002956         0   0.03291        16       800    0.8941    0.7555    0.8552     0.663   0.03028  0.002185         0
   147/299     11.9G   0.03003  0.002953         0   0.03298        23       800    0.8821    0.7636    0.8554    0.6635   0.03027  0.002184         0
   148/299     11.9G   0.02985  0.002931         0   0.03278        22       800    0.8831    0.7637    0.8556    0.6642   0.03026  0.002183         0
   149/299     11.9G   0.02963  0.002936         0   0.03257        23       800    0.8823     0.765    0.8558    0.6644   0.03024  0.002182         0
   150/299     11.9G   0.02994   0.00294         0   0.03288        12       800    0.8813    0.7644    0.8559    0.6645   0.03023  0.002181         0
   151/299     11.9G    0.0301  0.002966         0   0.03307        32       800    0.8801    0.7657    0.8564    0.6645   0.03022   0.00218         0
   152/299     11.9G   0.02983  0.002878         0   0.03271        19       800    0.8802    0.7657    0.8564    0.6643   0.03021  0.002179         0
   153/299     11.9G   0.02974  0.002882         0   0.03262        49       800    0.8776    0.7676    0.8561    0.6644    0.0302  0.002178         0
   154/299     11.9G   0.02952    0.0029         0   0.03242        24       800    0.8783    0.7675    0.8564    0.6646    0.0302  0.002177         0
   155/299     11.9G   0.02937  0.002858         0   0.03222        30       800     0.878    0.7678    0.8566    0.6645    0.0302  0.002178         0
   156/299     11.9G    0.0297   0.00293         0   0.03263        24       800     0.878    0.7676    0.8569    0.6649   0.03018  0.002177         0
   157/299     11.9G   0.02937  0.002889         0   0.03226        15       800    0.8777    0.7678    0.8567    0.6649   0.03017  0.002177         0
   158/299     11.9G   0.02914  0.002877         0   0.03202        26       800     0.892    0.7572    0.8569    0.6651   0.03016  0.002175         0
   159/299     11.9G   0.02957  0.002941         0   0.03251        20       800    0.8923    0.7568     0.857     0.665   0.03016  0.002175         0
   160/299     11.9G   0.02969  0.002896         0   0.03258        28       800    0.8786     0.767    0.8564    0.6652   0.03015  0.002175         0
   161/299     11.9G   0.02901   0.00289         0    0.0319        23       800    0.8794    0.7669     0.857    0.6649   0.03015  0.002175         0
   162/299     11.9G   0.02958  0.002944         0   0.03253        28       800    0.8778    0.7674     0.857    0.6649   0.03014  0.002173         0
   163/299     11.9G   0.02939  0.002894         0   0.03229        19       800    0.8781    0.7674    0.8573    0.6654   0.03013  0.002172         0
   164/299     11.9G   0.02883  0.002847         0   0.03168        25       800    0.8777    0.7676    0.8574    0.6654   0.03012  0.002171         0
   165/299     11.9G   0.02896  0.002894         0   0.03186        20       800    0.8854    0.7618    0.8575    0.6653   0.03011   0.00217         0
   166/299     11.9G   0.02926   0.00288         0   0.03214        21       800    0.8839    0.7641    0.8571     0.665   0.03009  0.002169         0
   167/299     11.9G   0.02948  0.002871         0   0.03235        29       800    0.8845    0.7636    0.8573    0.6653   0.03008  0.002168         0
   168/299     11.9G   0.02894  0.002792         0   0.03173        12       800    0.8841     0.763    0.8572    0.6662   0.03006  0.002167         0
   169/299     11.9G   0.02886  0.002879         0   0.03174        19       800    0.8859    0.7613    0.8575    0.6663   0.03005  0.002165         0
   170/299     11.9G     0.029  0.002861         0   0.03186        25       800    0.8859    0.7611    0.8574    0.6666   0.03004  0.002164         0
   171/299     11.9G   0.02928  0.002877         0   0.03215        24       800    0.8856    0.7613    0.8576    0.6669   0.03002  0.002163         0
   172/299     11.9G   0.02858  0.002867         0   0.03145        18       800    0.8781    0.7662    0.8576    0.6666   0.03001  0.002162         0
   173/299     11.9G   0.02901  0.002865         0   0.03188        18       800    0.8783    0.7662    0.8574    0.6668   0.02999  0.002161         0
   174/299     11.9G   0.02899  0.002957         0   0.03194        19       800    0.8794    0.7667    0.8578     0.667   0.02998   0.00216         0
   175/299     11.9G   0.02874  0.002848         0   0.03159        24       800    0.8788    0.7669    0.8579    0.6671   0.02996  0.002159         0
   176/299     11.9G   0.02868  0.002835         0   0.03151        16       800    0.8786    0.7671    0.8581    0.6672   0.02994  0.002158         0
   177/299     11.9G   0.02853  0.002883         0   0.03141        21       800    0.8787    0.7673     0.858    0.6674   0.02993  0.002157         0
   178/299     11.9G   0.02851  0.002865         0   0.03137        17       800    0.8783    0.7676    0.8583    0.6683   0.02991  0.002156         0
   179/299     11.9G   0.02866  0.002868         0   0.03153        18       800    0.8804    0.7661    0.8584    0.6684    0.0299  0.002155         0
   180/299     11.9G   0.02867  0.002854         0   0.03152        32       800    0.8778    0.7679    0.8585    0.6686   0.02988  0.002154         0
   181/299     11.9G   0.02857  0.002842         0   0.03142        25       800    0.8786    0.7677    0.8586    0.6688   0.02986  0.002152         0
   182/299     11.9G   0.02864  0.002894         0   0.03153        28       800    0.8785    0.7678    0.8584    0.6689   0.02985  0.002152         0
   183/299     11.9G   0.02846  0.002817         0   0.03128        16       800    0.8771    0.7687    0.8585    0.6693   0.02983   0.00215         0
   184/299     11.9G   0.02808  0.002823         0   0.03091        13       800    0.8796    0.7672    0.8589    0.6691   0.02981  0.002149         0
   185/299     11.9G    0.0283  0.002847         0   0.03114        23       800      0.88    0.7674    0.8593    0.6702    0.0298  0.002149         0
   186/299     11.9G   0.02832  0.002872         0   0.03119        29       800    0.8804    0.7672    0.8595    0.6694   0.02978  0.002147         0
   187/299     11.9G   0.02805  0.002848         0    0.0309        22       800    0.8798    0.7676    0.8595    0.6703   0.02976  0.002147         0
   188/299     11.9G   0.02824  0.002808         0   0.03105        17       800    0.8733    0.7723    0.8596    0.6703   0.02974  0.002146         0
   189/299     11.9G   0.02772  0.002832         0   0.03055        22       800    0.8735    0.7726    0.8596    0.6703   0.02973  0.002146         0
   190/299     11.9G   0.02827  0.002823         0   0.03109        21       800    0.8743    0.7732    0.8602    0.6704   0.02971  0.002145         0
   191/299     11.9G   0.02834  0.002851         0    0.0312        17       800    0.8742    0.7726    0.8601    0.6707   0.02969  0.002143         0
   192/299     11.9G   0.02792   0.00282         0   0.03074        21       800    0.8745    0.7727    0.8603     0.671   0.02968  0.002142         0
   193/299     11.9G   0.02795  0.002808         0   0.03076        21       800    0.8774    0.7707    0.8606    0.6707   0.02967  0.002141         0
   194/299     11.9G     0.028  0.002773         0   0.03077        26       800     0.877    0.7711    0.8606    0.6708   0.02965   0.00214         0
   195/299     11.9G   0.02776  0.002765         0   0.03052        18       800    0.8767    0.7717    0.8606    0.6713   0.02964  0.002139         0
   196/299     11.9G   0.02793  0.002872         0    0.0308        15       800    0.8798    0.7697    0.8609    0.6716   0.02963  0.002137         0
   197/299     11.9G   0.02796  0.002801         0   0.03076        25       800    0.8825    0.7682     0.861    0.6718   0.02962  0.002137         0
   198/299     11.9G   0.02777  0.002829         0    0.0306        17       800    0.8813    0.7696    0.8612    0.6718   0.02961  0.002136         0
   199/299     11.9G   0.02803  0.002801         0   0.03083        22       800     0.882    0.7692    0.8614    0.6727    0.0296  0.002136         0
   200/299     11.9G   0.02761  0.002855         0   0.03046        20       800    0.8814    0.7702    0.8617    0.6731   0.02959  0.002135         0
   201/299     11.9G   0.02784  0.002841         0   0.03068        21       800    0.8815    0.7709    0.8619    0.6733   0.02957  0.002134         0
   202/299     11.9G   0.02765  0.002758         0   0.03041        19       800    0.8815    0.7709     0.862    0.6735   0.02956  0.002133         0
   203/299     11.9G   0.02754  0.002763         0    0.0303        19       800    0.8808    0.7711    0.8621    0.6736   0.02955  0.002132         0
   204/299     11.9G   0.02788  0.002836         0   0.03072        31       800    0.8811    0.7711    0.8617    0.6738   0.02954  0.002132         0
   205/299     11.9G   0.02773  0.002722         0   0.03045        30       800    0.8818    0.7711     0.862    0.6742   0.02953  0.002131         0
   206/299     11.9G   0.02759  0.002761         0   0.03035        17       800    0.8818    0.7709    0.8621    0.6741   0.02951  0.002131         0
   207/299     11.9G   0.02737  0.002802         0   0.03017        20       800    0.8833      0.77    0.8623    0.6742    0.0295  0.002131         0
   208/299     11.9G   0.02725  0.002714         0   0.02997        25       800    0.8834    0.7698    0.8623    0.6743   0.02948  0.002131         0
   209/299     11.9G   0.02725  0.002699         0   0.02994        22       800    0.8812    0.7717    0.8624    0.6744   0.02948   0.00213         0
   210/299     11.9G   0.02726  0.002729         0   0.02999        28       800    0.8808    0.7723    0.8624    0.6746   0.02946   0.00213         0
   211/299     11.9G   0.02731  0.002699         0   0.03001        24       800    0.8788    0.7739    0.8624    0.6746   0.02946  0.002129         0
   212/299     11.9G   0.02738    0.0028         0   0.03018        19       800    0.8791    0.7743    0.8625    0.6749   0.02945  0.002129         0
   213/299     11.9G   0.02711   0.00271         0   0.02982        18       800    0.8796    0.7739    0.8627    0.6758   0.02943  0.002128         0
   214/299     11.9G   0.02701  0.002752         0   0.02976        25       800    0.8792    0.7742    0.8626    0.6758   0.02943  0.002128         0
   215/299     11.9G   0.02708   0.00275         0   0.02983        21       800     0.879    0.7744    0.8626    0.6759   0.02942  0.002128         0
   216/299     11.9G   0.02736  0.002731         0   0.03009        22       800    0.8791    0.7743    0.8627    0.6763   0.02941  0.002128         0
   217/299     11.9G   0.02726  0.002788         0   0.03005        15       800    0.8793    0.7744    0.8627    0.6761    0.0294  0.002127         0
   218/299     11.9G   0.02685  0.002728         0   0.02958        29       800    0.8811    0.7732    0.8628    0.6763   0.02939  0.002127         0
   219/299     11.9G    0.0271  0.002738         0   0.02983        20       800     0.881    0.7731    0.8629    0.6764   0.02938  0.002126         0
   220/299     11.9G   0.02676  0.002704         0   0.02946        20       800    0.8804     0.774    0.8632    0.6763   0.02936  0.002126         0
   221/299     11.9G   0.02658  0.002707         0   0.02928        27       800    0.8801    0.7745    0.8633    0.6762   0.02934  0.002125         0
   222/299     11.9G   0.02635  0.002722         0   0.02907        25       800    0.8719    0.7812    0.8633    0.6762   0.02933  0.002125         0
   223/299     11.9G   0.02673   0.00272         0   0.02945        20       800    0.8715    0.7823    0.8633    0.6764   0.02931  0.002124         0
   224/299     11.9G   0.02655  0.002675         0   0.02922        13       800    0.8709    0.7827    0.8634    0.6763    0.0293  0.002124         0
   225/299     11.9G   0.02671  0.002698         0    0.0294        19       800    0.8721    0.7827    0.8634    0.6763   0.02929  0.002123         0
   226/299     11.9G   0.02654  0.002687         0   0.02923        12       800    0.8726    0.7827    0.8636    0.6763   0.02928  0.002123         0
   227/299     11.9G   0.02628  0.002714         0     0.029        19       800    0.8757    0.7806    0.8637    0.6763   0.02926  0.002123         0
   228/299     11.9G   0.02654  0.002719         0   0.02926        24       800    0.8744    0.7816    0.8637    0.6765   0.02925  0.002123         0
   229/299     11.9G   0.02614  0.002641         0   0.02878        12       800    0.8756    0.7808    0.8636    0.6766   0.02924  0.002123         0
   230/299     11.9G   0.02628  0.002699         0   0.02898        20       800    0.8759    0.7804    0.8636    0.6766   0.02923  0.002123         0
   231/299     11.9G    0.0262  0.002705         0    0.0289        19       800    0.8766      0.78    0.8638    0.6768   0.02922  0.002123         0
   232/299     11.9G   0.02668  0.002763         0   0.02944        29       800    0.8757    0.7803     0.864     0.677    0.0292  0.002123         0
   233/299     11.9G   0.02593  0.002636         0   0.02856        18       800     0.876    0.7802    0.8639    0.6773   0.02919  0.002123         0
   234/299     11.9G   0.02615  0.002619         0   0.02877        16       800    0.8753    0.7806     0.864    0.6775   0.02917  0.002122         0
   235/299     11.9G   0.02629  0.002676         0   0.02896        16       800    0.8758    0.7798    0.8642    0.6779   0.02916  0.002121         0
   236/299     11.9G   0.02599  0.002599         0   0.02859        13       800    0.8776    0.7787    0.8644    0.6779   0.02915  0.002121         0
   237/299     11.9G   0.02583  0.002596         0   0.02843        20       800    0.8782    0.7791    0.8645     0.678   0.02913   0.00212         0
   238/299     11.9G   0.02616  0.002658         0   0.02882        25       800    0.8778    0.7789    0.8644    0.6783   0.02911   0.00212         0
   239/299     11.9G   0.02586  0.002622         0   0.02848        31       800     0.884    0.7746    0.8646    0.6791    0.0291   0.00212         0
   240/299     11.9G   0.02628   0.00263         0   0.02891        25       800    0.8758    0.7808    0.8649    0.6793   0.02908  0.002119         0
   241/299     11.9G   0.02585  0.002669         0   0.02852        17       800    0.8947    0.7667    0.8651    0.6787   0.02907  0.002119         0
   242/299     11.9G   0.02595  0.002666         0   0.02861        22       800    0.8949    0.7671    0.8651    0.6797   0.02906  0.002119         0
   243/299     11.9G   0.02562  0.002649         0   0.02827        18       800    0.8855    0.7746    0.8652    0.6798   0.02906  0.002119         0
   244/299     11.9G    0.0259  0.002733         0   0.02863        20       800    0.8956    0.7678    0.8655    0.6799   0.02904  0.002118         0
   245/299     11.9G   0.02537  0.002587         0   0.02796        24       800    0.8957    0.7678    0.8655    0.6801   0.02903  0.002118         0
   246/299     11.9G   0.02529   0.00261         0   0.02791        24       800    0.8917    0.7718    0.8659    0.6801   0.02901  0.002117         0
   247/299     11.9G   0.02554  0.002693         0   0.02824        23       800    0.8915    0.7722    0.8662    0.6802     0.029  0.002117         0
   248/299     11.9G   0.02561  0.002613         0   0.02822        26       800    0.8921     0.772    0.8665    0.6806   0.02898  0.002115         0
   249/299     11.9G   0.02523  0.002587         0   0.02781        14       800    0.8922    0.7723    0.8664    0.6807   0.02897  0.002115         0
   250/299     11.9G   0.02524  0.002526         0   0.02777        14       800    0.8942    0.7715     0.867    0.6808   0.02895  0.002113         0
   251/299     11.9G   0.02542  0.002555         0   0.02798        20       800    0.8933    0.7731    0.8672    0.6812   0.02893  0.002112         0
   252/299     11.9G   0.02544  0.002659         0    0.0281        16       800    0.8931    0.7738    0.8678    0.6815   0.02891  0.002111         0
   253/299     11.9G   0.02529  0.002697         0   0.02799        23       800    0.8925    0.7746    0.8679    0.6814   0.02889   0.00211         0
   254/299     11.9G   0.02489  0.002594         0   0.02748        19       800    0.8948    0.7732    0.8681    0.6817   0.02887  0.002108         0
   255/299     11.9G   0.02524  0.002599         0   0.02783        22       800    0.8943    0.7731     0.868    0.6821   0.02886  0.002107         0
   256/299     11.9G   0.02488  0.002627         0   0.02751        15       800    0.8892    0.7771    0.8682    0.6819   0.02884  0.002107         0
   257/299     11.9G   0.02483  0.002578         0    0.0274        15       800    0.8863    0.7804    0.8687    0.6821   0.02884  0.002106         0
   258/299     11.9G   0.02499  0.002582         0   0.02757        26       800    0.8882    0.7787    0.8684    0.6821   0.02882  0.002106         0
   259/299     11.9G   0.02519  0.002579         0   0.02777        18       800    0.8865    0.7802    0.8686    0.6823   0.02881  0.002105         0
   260/299     11.9G   0.02479  0.002546         0   0.02734        12       800    0.8873    0.7804    0.8691    0.6824    0.0288  0.002105         0
   261/299     11.9G   0.02509  0.002634         0   0.02772        18       800    0.8871    0.7808    0.8693    0.6826   0.02878  0.002105         0
   262/299     11.9G   0.02496  0.002535         0    0.0275        21       800    0.9004    0.7708    0.8692    0.6827   0.02877  0.002104         0
   263/299     11.9G     0.025  0.002613         0   0.02762        22       800    0.9008    0.7711    0.8699    0.6828   0.02875  0.002104         0
   264/299     11.9G   0.02457  0.002562         0   0.02714        19       800    0.8994    0.7724    0.8695    0.6831   0.02874  0.002103         0
   265/299     11.9G   0.02514  0.002603         0   0.02775        24       800    0.9003    0.7717    0.8696    0.6832   0.02873  0.002103         0
   266/299     11.9G   0.02499  0.002603         0   0.02759        26       800    0.9005    0.7717    0.8697    0.6834   0.02872  0.002102         0
   267/299     11.9G   0.02474  0.002586         0   0.02733        24       800    0.9009    0.7719    0.8701    0.6836   0.02871  0.002102         0
   268/299     11.9G   0.02452  0.002574         0    0.0271        14       800    0.9031    0.7709    0.8705    0.6847   0.02869  0.002102         0
   269/299     11.9G   0.02438  0.002511         0   0.02689        17       800    0.9025    0.7717    0.8707    0.6847   0.02867  0.002101         0
   270/299     11.9G    0.0246  0.002519         0   0.02712        13       800    0.9026    0.7721    0.8709    0.6849   0.02866  0.002101         0
   271/299     11.9G   0.02455  0.002508         0   0.02705        22       800    0.9032     0.772    0.8711    0.6851   0.02865  0.002101         0
   272/299     11.9G   0.02469  0.002534         0   0.02722        16       800    0.9036    0.7718    0.8712    0.6853   0.02863  0.002101         0
   273/299     11.9G    0.0249  0.002604         0   0.02751        22       800    0.9037    0.7721    0.8716    0.6854   0.02862    0.0021         0
   274/299     11.9G   0.02463  0.002599         0   0.02723        25       800    0.9049    0.7721    0.8719    0.6855   0.02861    0.0021         0
   275/299     11.9G   0.02443   0.00259         0   0.02702        35       800    0.8925    0.7821    0.8722    0.6857   0.02859  0.002099         0
   276/299     11.9G   0.02432  0.002477         0    0.0268        27       800    0.8925    0.7823    0.8725    0.6857   0.02858  0.002099         0
   277/299     11.9G   0.02443   0.00252         0   0.02695        18       800    0.8929    0.7819    0.8727    0.6859   0.02856  0.002098         0
   278/299     11.9G   0.02475  0.002626         0   0.02737        21       800    0.8928    0.7821    0.8729     0.686   0.02854  0.002098         0
   279/299     11.9G   0.02451   0.00255         0   0.02706        20       800     0.893    0.7827    0.8732    0.6862   0.02853  0.002097         0
   280/299     11.9G   0.02439  0.002614         0   0.02701        11       800     0.894    0.7827    0.8734    0.6863   0.02851  0.002096         0
   281/299     11.9G   0.02457  0.002554         0   0.02713        29       800    0.8942    0.7829    0.8736    0.6864    0.0285  0.002095         0
   282/299     11.9G   0.02484  0.002545         0   0.02738        24       800    0.8939    0.7831    0.8736    0.6865   0.02848  0.002094         0
   283/299     11.9G   0.02438  0.002448         0   0.02683        24       800    0.8936    0.7835     0.874    0.6867   0.02846  0.002093         0
   284/299     11.9G   0.02405  0.002529         0   0.02658        17       800    0.8887    0.7871    0.8738    0.6869   0.02844  0.002093         0
   285/299     11.9G   0.02401  0.002548         0   0.02656        29       800    0.8935    0.7841    0.8742    0.6872   0.02843  0.002092         0
   286/299     11.9G   0.02434  0.002599         0   0.02694        23       800    0.8901     0.787    0.8744    0.6874   0.02841   0.00209         0
   287/299     11.9G   0.02397  0.002545         0   0.02652        26       800      0.89    0.7872    0.8748    0.6885    0.0284  0.002089         0
   288/299     11.9G   0.02434  0.002564         0    0.0269        20       800    0.8905     0.787     0.875    0.6888   0.02839  0.002088         0
   289/299     11.9G   0.02416  0.002556         0   0.02671        24       800    0.9054    0.7771    0.8754    0.6891   0.02837  0.002087         0
   290/299     11.9G   0.02422  0.002539         0   0.02676        17       800    0.9054    0.7773    0.8756     0.689   0.02836  0.002086         0
   291/299     11.9G   0.02442  0.002536         0   0.02696        25       800    0.9059    0.7777    0.8756    0.6894   0.02835  0.002086         0
   292/299     11.9G   0.02337  0.002435         0    0.0258        16       800    0.9048    0.7787    0.8757    0.6893   0.02834  0.002085         0
   293/299     11.9G   0.02422  0.002511         0   0.02673        40       800    0.9042    0.7792    0.8755    0.6898   0.02833  0.002085         0
   294/299     11.9G   0.02396   0.00252         0   0.02648        20       800    0.9044    0.7796    0.8757    0.6899   0.02832  0.002084         0
   295/299     11.9G   0.02421  0.002528         0   0.02674        14       800    0.9007    0.7825    0.8756    0.6902   0.02831  0.002083         0
   296/299     11.9G   0.02405  0.002581         0   0.02663        19       800    0.9028    0.7808    0.8757    0.6903   0.02831  0.002082         0
   297/299     11.9G   0.02405  0.002559         0   0.02661        19       800    0.9038    0.7808    0.8759    0.6905    0.0283  0.002081         0
   298/299     11.9G    0.0239  0.002537         0   0.02644        16       800    0.8965    0.7867    0.8762    0.6902   0.02829  0.002081         0
